             na     index         A         B         C        mu     alpha      homo      lumo       gap        r2      zpve        U0         U         H         G        Cv
na     1.000000  0.437862 -0.024741 -0.140464 -0.138064 -0.292408  0.804278  0.084588  0.540867  0.483010  0.585110  0.991599 -0.065930 -0.065908 -0.065908 -0.065957  0.851897
index  0.437862  1.000000 -0.015911 -0.113913 -0.121168  0.084981  0.584404 -0.061711 -0.093227 -0.057708  0.623314  0.347117 -0.596023 -0.596012 -0.596012 -0.596037  0.623604
A     -0.024741 -0.015911  1.000000  0.000280  0.000824 -0.017018  0.007935 -0.000805 -0.014476 -0.013719 -0.005677 -0.024410  0.028024  0.028024  0.028024  0.028025 -0.013158
B     -0.140464 -0.113913  0.000280  1.000000  0.986960 -0.028660 -0.205996 -0.031659  0.039217  0.055528 -0.192940 -0.111116  0.197510  0.197507  0.197507  0.197516 -0.190023
C     -0.138064 -0.121168  0.000824  0.986960  1.000000 -0.037697 -0.214969 -0.049865  0.056613  0.082418 -0.200620 -0.105953  0.220941  0.220938  0.220938  0.220948 -0.195971
mu    -0.292408  0.084981 -0.017018 -0.028660 -0.037697  1.000000 -0.171822 -0.101348 -0.375008 -0.311737  0.026076 -0.322269 -0.254974 -0.254978 -0.254978 -0.254970 -0.118530
alpha  0.804278  0.584404  0.007935 -0.205996 -0.214969 -0.171822  1.000000  0.196638  0.240431  0.128420  0.713644  0.753090 -0.160781 -0.160761 -0.160761 -0.160808  0.812507
homo   0.084588 -0.061711 -0.000805 -0.031659 -0.049865 -0.101348  0.196638  1.000000  0.236212 -0.311574 -0.062951  0.087240 -0.061582 -0.061586 -0.061586 -0.061577  0.016227
lumo   0.540867 -0.093227 -0.014476  0.039217  0.056613 -0.375008  0.240431  0.236212  1.000000  0.849734 -0.024446  0.601256  0.337784  0.337792  0.337792  0.337779  0.249021
gap    0.483010 -0.057708 -0.013719  0.055528  0.082418 -0.311737  0.128420 -0.311574  0.849734  1.000000  0.010240  0.540627  0.363749  0.363758  0.363758  0.363740  0.234703
r2     0.585110  0.623314 -0.005677 -0.192940 -0.200620  0.026076  0.713644 -0.062951 -0.024446  0.010240  1.000000  0.509420 -0.447440 -0.447418 -0.447418 -0.447473  0.797663
zpve   0.991599  0.347117 -0.024410 -0.111116 -0.105953 -0.322269  0.753090  0.087240  0.601256  0.540627  0.509420  1.000000  0.040180  0.040202  0.040202  0.040155  0.789871
U0    -0.065930 -0.596023  0.028024  0.197510  0.220941 -0.254974 -0.160781 -0.061582  0.337784  0.363749 -0.447440  0.040180  1.000000  1.000000  1.000000  1.000000 -0.370847
U     -0.065908 -0.596012  0.028024  0.197507  0.220938 -0.254978 -0.160761 -0.061586  0.337792  0.363758 -0.447418  0.040202  1.000000  1.000000  1.000000  1.000000 -0.370821
H     -0.065908 -0.596012  0.028024  0.197507  0.220938 -0.254978 -0.160761 -0.061586  0.337792  0.363758 -0.447418  0.040202  1.000000  1.000000  1.000000  1.000000 -0.370821
G     -0.065957 -0.596037  0.028025  0.197516  0.220948 -0.254970 -0.160808 -0.061577  0.337779  0.363740 -0.447473  0.040155  1.000000  1.000000  1.000000  1.000000 -0.370879
Cv     0.851897  0.623604 -0.013158 -0.190023 -0.195971 -0.118530  0.812507  0.016227  0.249021  0.234703  0.797663  0.789871 -0.370847 -0.370821 -0.370821 -0.370879  1.000000


----------------------------------------------
A, B, C, mu, alpha, r2, zpve, U0, U, H, G, Cv